-2.2851855948634601,
0.086274509803921595,
0.0039215686274509803,
0.29803921568627501,
-1.2955284960736499,
0.11372500000000001,
0.023529399999999999,
0.45097999999999999,
-0.47361191587345502,
0.105882,
0.050980400000000002,
0.50980400000000003,
0.096698676777843898,
0.039215699999999999,
0.039215699999999999,
0.56078399999999995,
0.65023604555234205,
0.031372499999999998,
0.098039200000000007,
0.59999999999999998,
1.1869982831011401,
0.043137300000000003,
0.16470599999999999,
0.63921600000000001,
1.9585932843218401,
0.054901999999999999,
0.24313699999999999,
0.67843100000000001,
2.9817980877886399,
0.054901999999999999,
0.31764700000000001,
0.70980399999999999,
4.2398341371044399,
0.050980400000000002,
0.39607799999999999,
0.74117599999999995,
5.0554616036004498,
0.039215699999999999,
0.466667,
0.76862699999999995,
5.87108907009645,
0.031372499999999998,
0.53725500000000004,
0.78823500000000002,
6.7223624341021404,
0.031372499999999998,
0.61568599999999996,
0.81176499999999996,
7.59460059328174,
0.023529399999999999,
0.70980399999999999,
0.83137300000000003,
8.4668406598101509,
0.050980400000000002,
0.80000000000000004,
0.85097999999999996,
9.1881140820513405,
0.070588200000000004,
0.85490200000000005,
0.87058800000000003,
9.8590678326616406,
0.26274500000000001,
0.90196100000000001,
0.86274499999999998,
10.4461516491899,
0.42352899999999999,
0.94117600000000001,
0.87451000000000001,
11.3519381634722,
0.57254899999999997,
0.96470599999999995,
0.83529399999999998,
11.955797111226101,
0.65882399999999997,
0.98039200000000004,
0.84313700000000003,
12.5932006835938,
0.764706,
0.98039200000000004,
0.86666699999999997,
13.0125465393066,
0.82745100000000005,
0.98039200000000004,
0.88627500000000003,
13.448666572570801,
0.89019607843137205,
0.98823529411764699,
0.92549019607843097,
13.7841433636675,
0.91372500000000001,
0.98823499999999997,
0.93725499999999995,
14.0692986599932,
1,
1,
0.97254901960784301,
14.354453956318901,
0.98823529411764699,
0.98823529411764699,
0.90588235294117603,
14.8912153244019,
0.99215686274509796,
0.97254901960784301,
0.80392156862745101,
15.327335357666,
0.99215699999999996,
0.96470599999999995,
0.71372500000000005,
15.8137760162354,
0.98823499999999997,
0.95686300000000002,
0.64313699999999996,
16.535051345825199,
0.98039200000000004,
0.91764699999999999,
0.50980400000000003,
17.273099899291999,
0.96862700000000002,
0.87451000000000001,
0.40784300000000001,
17.944053565693899,
0.94901999999999997,
0.82352899999999996,
0.32156899999999999,
18.480815803242699,
0.92941200000000002,
0.77647100000000002,
0.27843099999999998,
19.269185935688999,
0.90980399999999995,
0.71764700000000003,
0.235294,
19.973686134053299,
0.89019599999999999,
0.65882399999999997,
0.196078,
20.552383467024399,
0.87843099999999996,
0.61960800000000005,
0.168627,
21.368010933520399,
0.87058800000000003,
0.54901999999999995,
0.156863,
22.183638400016399,
0.85097999999999996,
0.47450999999999999,
0.145098,
22.999265866512399,
0.83137300000000003,
0.41176499999999999,
0.13333300000000001,
23.814893333008399,
0.81176499999999996,
0.34509800000000002,
0.11372500000000001,
24.6305207995043,
0.78823500000000002,
0.26666699999999999,
0.094117599999999996,
25.4461482660003,
0.74117599999999995,
0.18431400000000001,
0.074509800000000001,
26.2617757324963,
0.69019600000000003,
0.12548999999999999,
0.062745099999999998,
27.0774031989923,
0.61960800000000005,
0.062745099999999998,
0.043137300000000003,
27.840612506104499,
0.54901999999999995,
0.027451,
0.070588200000000004,
28.5115656904707,
0.47058800000000001,
0.0156863,
0.090196100000000001,
29.266387974453998,
0.40000000000000002,
0.0039215700000000001,
0.101961,
30.339913064976301,
0.188235294117647,
0,
0.070588235294117604