0.0,
0.301960784314,
0.0470588235294,
0.0901960784314,
0.0,
0.301960784314,
0.0470588235294,
0.0901960784314,
0.0249768894297,
0.380392156863,
0.043137254902,
0.0666666666667,
0.0499537788593,
0.466666666667,
0.0509803921569,
0.043137254902,
0.074930668289,
0.545098039216,
0.0862745098039,
0.0313725490196,
0.0999075577187,
0.623529411765,
0.137254901961,
0.0196078431373,
0.124884447148,
0.686274509804,
0.188235294118,
0.0117647058824,
0.149861336578,
0.752941176471,
0.235294117647,
0.0,
0.174838226008,
0.788235294118,
0.290196078431,
0.0,
0.199815115437,
0.850980392157,
0.364705882353,
0.0078431372549,
0.224792004867,
0.898039215686,
0.439215686275,
0.0235294117647,
0.249768894297,
0.913725490196,
0.498039215686,
0.0392156862745,
0.274745783726,
0.921568627451,
0.545098039216,
0.0549019607843,
0.299722673156,
0.929411764706,
0.6,
0.0901960784314,
0.324699562586,
0.937254901961,
0.654901960784,
0.133333333333,
0.349676452015,
0.945098039216,
0.709803921569,
0.18431372549,
0.374653341445,
0.952941176471,
0.760784313725,
0.239215686275,
0.399630230875,
0.960784313725,
0.811764705882,
0.298039215686,
0.424607120304,
0.96862745098,
0.858823529412,
0.38431372549,
0.449584009734,
0.96862745098,
0.894117647059,
0.462745098039,
0.474560899164,
0.976470588235,
0.929411764706,
0.541176470588,
0.498538713016,
0.980392156863,
0.952941176471,
0.607843137255,
0.499537788593,
0.980392156863,
0.952941176471,
0.607843137255,
0.499547788593,
0.929411764706,
0.937254901961,
0.611764705882,
0.499547788593,
0.929411764706,
0.937254901961,
0.611764705882,
0.524570399164,
0.850980392157,
0.905882352941,
0.482352941176,
0.549593009734,
0.749019607843,
0.866666666667,
0.36862745098,
0.574615620304,
0.643137254902,
0.83137254902,
0.282352941176,
0.599638230875,
0.537254901961,
0.796078431373,
0.227450980392,
0.624660841445,
0.423529411765,
0.756862745098,
0.156862745098,
0.649683452015,
0.317647058824,
0.721568627451,
0.113725490196,
0.674706062586,
0.219607843137,
0.682352941176,
0.0862745098039,
0.699728673156,
0.125490196078,
0.639215686275,
0.0549019607843,
0.724751283726,
0.0901960784314,
0.596078431373,
0.078431372549,
0.749773894297,
0.105882352941,
0.560784313725,
0.137254901961,
0.774796504867,
0.113725490196,
0.529411764706,
0.188235294118,
0.799819115437,
0.117647058824,
0.501960784314,
0.227450980392,
0.824841726008,
0.117647058824,
0.470588235294,
0.258823529412,
0.849864336578,
0.117647058824,
0.427450980392,
0.274509803922,
0.874886947148,
0.113725490196,
0.380392156863,
0.278431372549,
0.899909557719,
0.105882352941,
0.329411764706,
0.270588235294,
0.924932168289,
0.0941176470588,
0.266666666667,
0.243137254902,
0.949954778859,
0.0862745098039,
0.223529411765,
0.21568627451,
0.97497738943,
0.0745098039216,
0.16862745098,
0.176470588235,
