0.0,
0.929412,
1.0,
1.0,
0.0245165344328,
0.780392,
0.92549,
0.94902,
0.0490330688655,
0.643137,
0.831373,
0.878431,
0.0980661377311,
0.521569,
0.717647,
0.8,
0.147099206597,
0.439216,
0.611765,
0.729412,
0.196132275462,
0.356863,
0.501961,
0.65098,
0.245165344328,
0.290196,
0.415686,
0.580392,
0.294198413193,
0.235294,
0.333333,
0.501961,
0.343231482059,
0.164706,
0.235294,
0.4,
0.392264550924,
0.117647,
0.168627,
0.321569,
0.44129761979,
0.066667,
0.078431,
0.2,
0.490330688655,
0.011765,
0.015686,
0.101961,
0.491049596108,
0.031373,
0.043137,
0.2,
0.510783599829,
0.058824,
0.133333,
0.301961,
0.53051760355,
0.086275,
0.219608,
0.34902,
0.550251607271,
0.117647,
0.317647,
0.419608,
0.569985610992,
0.133333,
0.396078,
0.45098,
0.589719614713,
0.14902,
0.478431,
0.478431,
0.609453618433,
0.164706,
0.509804,
0.45098,
0.629187622154,
0.184314,
0.541176,
0.419608,
0.648921625875,
0.203922,
0.568627,
0.388235,
0.668655629596,
0.231373,
0.611765,
0.356863,
0.688389633317,
0.254902,
0.639216,
0.321569,
0.708123637037,
0.294118,
0.678431,
0.294118,
0.727857640758,
0.403922,
0.721569,
0.337255,
0.747591644479,
0.505882,
0.760784,
0.380392,
0.7673256482,
0.611765,
0.8,
0.423529,
0.787059651921,
0.717647,
0.839216,
0.470588,
0.806793655641,
0.807843,
0.870588,
0.505882,
0.826527659362,
0.901961,
0.901961,
0.611765,
0.846261663083,
0.941176,
0.905882,
0.733333,
0.865995666804,
0.968627,
0.941176,
0.854902,
0.885729670525,
1.0,
0.988235,
0.960784,
0.885739670525,
1.0,
0.996078,
0.890196,
0.897165703472,
0.988235,
0.968627,
0.713725,
0.90859173642,
0.980392,
0.933333,
0.588235,
0.920017769367,
0.968627,
0.901961,
0.505882,
0.931443802315,
0.960784,
0.862745,
0.423529,
0.942869835262,
0.94902,
0.831373,
0.360784,
0.95429586821,
0.941176,
0.8,
0.301961,
0.965721901157,
0.929412,
0.768627,
0.243137,
0.977147934105,
0.921569,
0.733333,
0.164706,
0.988573967052,
0.909804,
0.690196,
0.090196,
0.995429586821,
0.901961,
0.658824,
0.043137,
1.0,
0.890196,
0.639216,
0.0,
