0.0,
1.0,
0.988235,
0.968627,
0.025,
1.0,
0.960784,
0.870588,
0.05,
0.968627,
0.921569,
0.764706,
0.075,
0.960784,
0.913725,
0.670588,
0.1,
0.941176,
0.905882,
0.6,
0.125,
0.929412,
0.917647,
0.541176,
0.15,
0.898039,
0.909804,
0.501961,
0.175,
0.847059,
0.890196,
0.462745,
0.2,
0.772549,
0.858824,
0.431373,
0.225,
0.686275,
0.831373,
0.4,
0.25,
0.603922,
0.8,
0.368627,
0.275,
0.517647,
0.768627,
0.337255,
0.3,
0.415686,
0.721569,
0.301961,
0.325,
0.32549,
0.678431,
0.270588,
0.35,
0.247059,
0.65098,
0.247059,
0.375,
0.219608,
0.611765,
0.266667,
0.4,
0.192157,
0.580392,
0.282353,
0.425,
0.156863,
0.560784,
0.290196,
0.45,
0.117647,
0.541176,
0.294118,
0.475,
0.090196,
0.521569,
0.305882,
0.5,
0.070588,
0.509804,
0.32549,
0.525,
0.082353,
0.509804,
0.368627,
0.55,
0.090196,
0.521569,
0.411765,
0.575,
0.094118,
0.529412,
0.458824,
0.6,
0.101961,
0.541176,
0.501961,
0.625,
0.113725,
0.54902,
0.54902,
0.65,
0.129412,
0.529412,
0.560784,
0.675,
0.145098,
0.521569,
0.580392,
0.7,
0.156863,
0.498039,
0.6,
0.725,
0.164706,
0.447059,
0.611765,
0.75,
0.172549,
0.396078,
0.619608,
0.775,
0.176471,
0.341176,
0.631373,
0.8,
0.184314,
0.313725,
0.639216,
0.825,
0.184314,
0.27451,
0.619608,
0.85,
0.184314,
0.235294,
0.6,
0.875,
0.184314,
0.2,
0.580392,
0.9,
0.215686,
0.196078,
0.560784,
0.925,
0.235294,
0.192157,
0.509804,
0.95,
0.262745,
0.2,
0.478431,
0.975,
0.286275,
0.219608,
0.439216,
1.0,
0.301961,
0.239216,
0.4,
