0.0,
1.0,
0.984314,
0.901961,
0.05,
0.960784,
0.94902,
0.670588,
0.1,
0.886275,
0.921569,
0.533333,
0.15,
0.784314,
0.878431,
0.396078,
0.2,
0.666667,
0.839216,
0.294118,
0.25,
0.556863,
0.8,
0.239216,
0.3,
0.431373,
0.760784,
0.160784,
0.35,
0.317647,
0.721569,
0.113725,
0.4,
0.211765,
0.678431,
0.082353,
0.45,
0.109804,
0.631373,
0.05098,
0.5,
0.082353,
0.588235,
0.082353,
0.55,
0.109804,
0.54902,
0.152941,
0.6,
0.113725,
0.521569,
0.203922,
0.65,
0.117647,
0.490196,
0.243137,
0.7,
0.117647,
0.45098,
0.270588,
0.75,
0.113725,
0.4,
0.278431,
0.8,
0.109804,
0.34902,
0.278431,
0.85,
0.094118,
0.278431,
0.25098,
0.9,
0.086275,
0.231373,
0.219608,
0.95,
0.07451,
0.172549,
0.180392,
1.0,
0.054902,
0.109804,
0.121569,
